
counts <- c(20, 2, 78)
popn <- c(100, 10, 90)
